Data: 654
Epoch: 654
Training Data: 588(90%)

(Bedtime)
Loss: 4.7586821933897836
Accuracy: 0.39393939393939392

(Breakfast)
Loss: 10.790770516251072
Accuracy: 0.18181818181818182

(Dinner)
Loss: 26.193573922821969
Accuracy: 0.21212121212121213

(Lunch)
Loss: 6.7437520216811784
Accuracy: 0.19696969696969696
