Data: 1544
Epoch: 1544
Training Data: 1389(90%)

(Bedtime)
Loss: 6.1544420580710133
Accuracy: 0.54838709369782479

(Breakfast)
Loss: 13.212241665009529
Accuracy: 0.25161290226444122

(Dinner)
Loss: 12.802143884474232
Accuracy: 0.29677419393293319

(Lunch)
Loss: 6.8097556637179464
Accuracy: 0.27096774232002996