Data: 2049
Epoch: 2049
Training Data: 1844(90%)

(Bedtime)
Loss: 5.52498768829718
Accuracy: 0.48292683072206449

(Breakfast)
Loss: 9.9977018123719752
Accuracy: 0.30243902511712983

(Dinner)
Loss: 14.442311477661132
Accuracy: 0.27317073214344861

(Lunch)
Loss: 6.3342570188568859
Accuracy: 0.24390243938783321