Data: 2904
Epoch: 2904
Training Data: 2613(90%)

(Bedtime)
Loss: 5.6670042561347955
Accuracy: 0.50859106529209619

(Breakfast)
Loss: 10.957114491675728
Accuracy: 0.17869415807560138

(Dinner)
Loss: 13.279453959252006
Accuracy: 0.24742268041237114

(Lunch)
Loss: 8.0589210110431679
Accuracy: 0.32989690731890831